100
0 1
0 4
0 7
0 10
0 13
0 16
0 19
0 22
0 25
0 28
0 31
0 34
0 37
0 40
0 43
0 46
0 49
0 52
0 55
0 58
0 61
0 64
0 67
0 70
0 73
0 76
0 79
0 82
0 85
0 88
0 91
0 94
0 97
1 2
1 5
1 8
1 11
1 14
1 17
1 20
1 23
1 26
1 29
1 32
1 35
1 38
1 42
1 48
1 51
1 53
1 56
1 59
1 62
1 65
1 68
1 71
1 74
1 77
1 80
1 83
1 86
1 89
1 92
1 95
1 98
2 0
2 3
2 6
2 9
2 12
2 15
2 18
2 21
2 24
2 27
2 30
2 33
2 36
2 43
2 44
2 46
2 48
2 50
2 52
2 55
2 57
2 60
2 63
2 66
2 69
2 72
2 75
2 78
2 81
2 84
2 87
2 90
2 93
2 96
2 99
3 1
3 3
3 5
3 7
3 9
3 11
3 13
3 15
3 17
3 19
3 21
3 23
3 25
3 27
3 29
3 31
3 33
3 35
3 37
3 38
3 44
3 46
3 49
3 51
3 58
3 59
3 61
3 63
3 65
3 67
3 69
3 71
3 73
3 75
3 77
3 79
3 81
3 83
3 85
3 87
3 89
3 91
3 93
3 95
3 97
4 1
4 4
4 8
4 12
4 16
4 19
4 22
4 26
4 30
4 34
4 36
4 43
4 45
4 47
4 48
4 57
4 60
4 64
4 67
4 70
4 74
4 78
4 82
4 85
4 88
4 92
4 96
4 98
5 2
5 5
5 7
5 9
5 11
5 13
5 15
5 17
5 20
5 23
5 25
5 27
5 29
5 31
5 33
5 43
5 44
5 51
5 54
5 59
5 61
5 62
5 65
5 68
5 71
5 73
5 75
5 77
5 79
5 81
5 83
5 86
5 89
5 91
5 93
5 95
5 99
6 0
6 3
6 6
6 10
6 14
6 18
6 21
6 24
6 28
6 32
6 37
6 38
6 45
6 47
6 49
6 51
6 52
6 53
6 54
6 60
6 61
6 62
6 64
6 66
6 69
6 72
6 76
6 80
6 84
6 87
6 90
6 94
6 96
6 98
7 1
7 4
7 7
7 9
7 11
7 13
7 15
7 17
7 19
7 22
7 25
7 27
7 29
7 31
7 33
7 35
7 45
7 47
7 48
7 51
7 56
7 62
7 67
7 70
7 73
7 75
7 77
7 79
7 81
7 83
7 85
7 88
7 91
7 93
7 97
8 2
8 4
8 6
8 8
8 12
8 16
8 20
8 22
8 24
8 27
8 30
8 34
8 39
8 40
8 41
8 45
8 46
8 57
8 63
8 64
8 66
8 68
8 70
8 72
8 75
8 78
8 82
8 86
8 88
8 90
8 93
8 95
8 98
9 0
9 2
9 5
9 9
9 11
9 14
9 17
9 19
9 22
9 25
9 28
9 31
9 33
9 46
9 47
9 52
9 57
9 58
9 61
9 62
9 63
9 64
9 67
9 71
9 73
9 76
9 79
9 81
9 84
9 86
9 89
9 91
9 94
9 96
9 99
10 3
10 6
10 8
10 12
10 14
10 16
10 19
10 21
10 24
10 26
10 29
10 32
10 46
10 51
10 58
10 61
10 63
10 64
10 66
10 68
10 70
10 74
10 77
10 80
10 82
10 84
10 87
10 92
10 96
10 98
11 0
11 2
11 4
11 7
11 9
11 11
11 14
11 17
11 20
11 23
11 27
11 30
11 44
11 46
11 50
11 53
11 54
11 63
11 64
11 65
11 69
11 71
11 73
11 75
11 78
11 83
11 86
11 88
11 90
11 92
11 94
11 97
12 1
12 5
12 9
12 12
12 15
12 18
12 21
12 24
12 26
12 28
12 30
12 41
12 47
12 48
12 50
12 52
12 55
12 58
12 59
12 63
12 64
12 65
12 66
12 68
12 72
12 76
12 78
12 80
12 81
12 84
12 87
12 90
12 93
12 95
12 98
13 2
13 4
13 6
13 8
13 10
13 13
13 16
13 18
13 20
13 22
13 24
13 27
13 31
13 38
13 47
13 49
13 50
13 51
13 52
13 53
13 54
13 56
13 65
13 66
13 67
13 69
13 71
13 73
13 75
13 78
13 82
13 85
13 88
13 91
13 94
13 96
13 99
14 0
14 3
14 6
14 11
14 13
14 15
14 18
14 22
14 25
14 28
14 30
14 37
14 42
14 44
14 45
14 46
14 47
14 48
14 49
14 50
14 51
14 52
14 53
14 54
14 55
14 56
14 60
14 66
14 67
14 68
14 69
14 74
14 76
14 79
14 81
14 83
14 86
14 89
14 92
14 97
15 1
15 4
15 7
15 9
15 11
15 14
15 16
15 19
15 21
15 24
15 26
15 29
15 32
15 41
15 44
15 46
15 47
15 48
15 49
15 50
15 51
15 52
15 53
15 54
15 55
15 56
15 57
15 58
15 61
15 62
15 63
15 68
15 69
15 70
15 71
15 73
15 77
15 80
15 84
15 86
15 88
15 90
15 92
15 94
15 95
15 98
16 2
16 4
16 6
16 8
16 10
16 12
16 17
16 20
16 22
16 25
16 27
16 31
16 35
16 37
16 40
16 42
16 44
16 45
16 47
16 48
16 49
16 50
16 52
16 53
16 54
16 55
16 56
16 57
16 58
16 68
16 69
16 71
16 74
16 76
16 78
16 81
16 83
16 86
16 89
16 93
16 96
16 98
17 0
17 2
17 5
17 9
17 13
17 15
17 17
17 19
17 23
17 28
17 33
17 36
17 43
17 45
17 46
17 47
17 49
17 50
17 51
17 52
17 53
17 54
17 55
17 56
17 57
17 58
17 59
17 60
17 64
17 66
17 69
17 70
17 71
17 72
17 74
17 77
17 79
17 82
17 84
17 87
17 90
17 92
17 95
17 99
18 3
18 6
18 8
18 11
18 14
18 16
18 20
18 22
18 24
18 26
18 28
18 31
18 39
18 41
18 43
18 45
18 47
18 48
18 49
18 50
18 51
18 52
18 53
18 54
18 55
18 56
18 57
18 58
18 59
18 60
18 61
18 64
18 66
18 67
18 68
18 69
18 70
18 71
18 73
18 75
18 80
18 83
18 85
18 88
18 91
18 93
18 96
18 98
19 0
19 2
19 4
19 7
19 10
19 12
19 15
19 18
19 20
19 23
19 26
19 32
19 35
19 37
19 38
19 41
19 43
19 45
19 46
19 47
19 48
19 49
19 50
19 51
19 52
19 53
19 54
19 55
19 56
19 57
19 58
19 59
19 60
19 61
19 62
19 65
19 67
19 69
19 71
19 76
19 78
19 80
19 82
19 86
19 89
19 92
19 94
19 97
20 1
20 5
20 8
20 11
20 13
20 16
20 18
20 21
20 24
20 27
20 29
20 37
20 39
20 41
20 43
20 44
20 48
20 49
20 50
20 51
20 52
20 53
20 54
20 55
20 56
20 57
20 58
20 59
20 60
20 61
20 62
20 67
20 68
20 69
20 70
20 72
20 74
20 76
20 78
20 81
20 84
20 86
20 88
20 90
20 95
20 98
21 2
21 4
21 6
21 9
21 13
21 15
21 19
21 22
21 25
21 27
21 30
21 33
21 38
21 41
21 43
21 49
21 50
21 51
21 52
21 53
21 54
21 57
21 59
21 60
21 61
21 62
21 65
21 68
21 69
21 70
21 71
21 74
21 79
21 82
21 84
21 87
21 91
21 93
21 95
21 97
21 99
22 0
22 3
22 6
22 8
22 10
22 12
22 16
22 18
22 20
22 23
22 25
22 28
22 31
22 41
22 50
22 51
22 52
22 53
22 55
22 56
22 58
22 59
22 60
22 61
22 62
22 66
22 68
22 69
22 70
22 72
22 75
22 77
22 79
22 81
22 85
22 88
22 90
22 92
22 95
23 1
23 4
23 7
23 10
23 13
23 15
23 17
23 21
23 23
23 26
23 29
23 40
23 44
23 45
23 49
23 50
23 51
23 52
23 53
23 55
23 56
23 57
23 58
23 59
23 61
23 62
23 67
23 69
23 70
23 73
23 75
23 77
23 80
23 83
23 86
23 89
23 93
23 96
23 98
24 2
24 5
24 8
24 11
24 14
24 18
24 20
24 24
24 27
24 29
24 31
24 43
24 44
24 45
24 50
24 51
24 52
24 53
24 54
24 55
24 56
24 57
24 58
24 59
24 60
24 61
24 62
24 63
24 71
24 74
24 78
24 81
24 83
24 85
24 87
24 90
24 92
24 94
24 97
24 99
25 0
25 2
25 4
25 6
25 9
25 12
25 15
25 17
25 19
25 21
25 23
25 25
25 28
25 40
25 44
25 45
25 50
25 51
25 52
25 53
25 54
25 55
25 56
25 57
25 58
25 59
25 60
25 61
25 62
25 63
25 70
25 72
25 75
25 77
25 79
25 82
25 85
25 88
25 90
25 93
25 95
25 98
26 2
26 5
26 7
26 10
26 12
26 14
26 16
26 21
26 24
26 26
26 29
26 31
26 45
26 49
26 50
26 51
26 52
26 53
26 54
26 55
26 56
26 57
26 58
26 59
26 60
26 61
26 62
26 63
26 67
26 70
26 73
26 76
26 80
26 83
26 86
26 89
26 91
26 95
26 97
27 0
27 3
27 8
27 10
27 13
27 17
27 19
27 22
27 27
27 30
27 40
27 42
27 44
27 47
27 49
27 50
27 51
27 52
27 53
27 54
27 55
27 56
27 57
27 58
27 59
27 60
27 61
27 62
27 63
27 66
27 68
27 70
27 72
27 74
27 77
27 79
27 81
27 84
27 87
27 92
27 94
27 98
28 1
28 4
28 6
28 8
28 11
28 14
28 16
28 18
28 20
28 23
28 25
28 27
28 29
28 40
28 42
28 43
28 45
28 46
28 48
28 50
28 51
28 52
28 53
28 54
28 55
28 56
28 57
28 58
28 59
28 60
28 61
28 62
28 63
28 64
28 66
28 68
28 71
28 75
28 78
28 82
28 84
28 86
28 88
28 90
28 92
28 95
28 97
28 99
29 2
29 4
29 6
29 9
29 12
29 15
29 19
29 21
29 23
29 25
29 28
29 40
29 41
29 42
29 43
29 44
29 47
29 50
29 51
29 52
29 53
29 54
29 55
29 56
29 57
29 58
29 59
29 60
29 61
29 62
29 63
29 64
29 67
29 68
29 69
29 70
29 72
29 74
29 76
29 79
29 81
29 84
29 88
29 90
29 93
29 96
30 0
30 2
30 7
30 10
30 12
30 14
30 16
30 18
30 22
30 26
30 29
30 31
30 34
30 39
30 41
30 43
30 45
30 46
30 51
30 52
30 53
30 54
30 55
30 56
30 57
30 58
30 59
30 60
30 61
30 62
30 63
30 64
30 66
30 67
30 68
30 69
30 70
30 73
30 77
30 79
30 82
30 85
30 87
30 91
30 94
30 97
30 99
31 3
31 5
31 7
31 9
31 13
31 17
31 20
31 23
31 25
31 27
31 30
31 34
31 35
31 40
31 42
31 43
31 44
31 51
31 52
31 53
31 54
31 55
31 56
31 57
31 58
31 59
31 60
31 61
31 62
31 63
31 64
31 66
31 67
31 69
31 70
31 72
31 75
31 77
31 80
31 82
31 84
31 87
31 89
31 92
31 94
31 96
31 98
32 0
32 2
32 4
32 7
32 10
32 12
32 15
32 18
32 20
32 22
32 25
32 28
32 34
32 40
32 42
32 44
32 45
32 52
32 53
32 54
32 55
32 56
32 57
32 58
32 59
32 60
32 61
32 62
32 63
32 64
32 65
32 67
32 68
32 69
32 70
32 73
32 75
32 78
32 81
32 85
32 88
32 90
32 92
32 95
32 99
33 1
33 5
33 8
33 11
33 13
33 15
33 17
33 21
33 23
33 26
33 29
33 31
33 33
33 40
33 42
33 44
33 45
33 46
33 47
33 49
33 50
33 51
33 52
33 53
33 54
33 55
33 56
33 57
33 58
33 59
33 60
33 61
33 62
33 63
33 64
33 65
33 67
33 68
33 69
33 70
33 72
33 76
33 79
33 82
33 84
33 86
33 90
33 93
33 96
33 98
34 2
34 4
34 6
34 9
34 12
34 16
34 18
34 20
34 24
34 27
34 29
34 31
34 35
34 40
34 42
34 44
34 46
34 47
34 49
34 50
34 51
34 52
34 53
34 54
34 55
34 56
34 57
34 58
34 59
34 60
34 61
34 62
34 63
34 64
34 65
34 66
34 68
34 69
34 70
34 73
34 75
34 77
34 79
34 81
34 84
34 87
34 89
34 91
34 94
34 97
35 0
35 3
35 7
35 9
35 11
35 14
35 18
35 21
35 23
35 25
35 28
35 33
35 40
35 41
35 43
35 45
35 46
35 48
35 54
35 55
35 56
35 57
35 58
35 59
35 60
35 61
35 62
35 63
35 64
35 65
35 66
35 67
35 68
35 71
35 73
35 76
35 80
35 82
35 85
35 88
35 92
35 95
35 98
36 1
36 4
36 6
36 9
36 12
36 14
36 16
36 19
36 22
36 26
36 29
36 31
36 40
36 42
36 44
36 45
36 46
36 56
36 57
36 58
36 59
36 60
36 61
36 62
36 63
36 64
36 65
36 66
36 67
36 69
36 70
36 74
36 77
36 79
36 83
36 86
36 89
36 91
36 93
36 95
36 97
36 99
37 2
37 4
37 7
37 10
37 13
37 16
37 18
37 20
37 23
37 25
37 27
37 29
37 31
37 40
37 42
37 44
37 46
37 48
37 50
37 51
37 52
37 53
37 54
37 56
37 57
37 58
37 59
37 60
37 61
37 62
37 63
37 64
37 68
37 69
37 70
37 72
37 74
37 76
37 79
37 81
37 84
37 86
37 88
37 90
37 94
37 98
38 0
38 2
38 5
38 7
38 9
38 11
38 14
38 17
38 21
38 23
38 26
38 30
38 40
38 42
38 44
38 46
38 47
38 49
38 50
38 51
38 52
38 53
38 54
38 55
38 56
38 57
38 58
38 59
38 60
38 61
38 62
38 63
38 64
38 68
38 69
38 71
38 74
38 77
38 80
38 82
38 84
38 87
38 91
38 93
38 95
38 97
39 3
39 6
39 10
39 12
39 15
39 18
39 20
39 24
39 27
39 29
39 32
39 41
39 43
39 45
39 46
39 51
39 53
39 54
39 55
39 56
39 57
39 58
39 59
39 60
39 61
39 62
39 63
39 64
39 67
39 68
39 69
39 70
39 72
39 75
39 78
39 82
39 85
39 88
39 90
39 93
39 96
39 99
40 0
40 2
40 4
40 7
40 9
40 13
40 16
40 18
40 21
40 23
40 25
40 28
40 30
40 40
40 41
40 43
40 46
40 47
40 49
40 50
40 51
40 52
40 53
40 54
40 55
40 56
40 57
40 58
40 59
40 60
40 61
40 62
40 63
40 68
40 69
40 71
40 73
40 76
40 78
40 80
40 83
40 86
40 89
40 91
40 94
40 97
41 1
41 5
41 8
41 11
41 14
41 16
41 19
41 21
41 24
41 26
41 31
41 33
41 41
41 43
41 44
41 46
41 48
41 49
41 50
41 51
41 52
41 53
41 54
41 55
41 56
41 57
41 58
41 59
41 60
41 61
41 62
41 63
41 66
41 67
41 68
41 69
41 74
41 76
41 79
41 81
41 84
41 87
41 92
41 95
41 98
42 2
42 4
42 6
42 9
42 11
42 13
42 17
42 20
42 22
42 27
42 29
42 31
42 40
42 42
42 45
42 47
42 49
42 51
42 52
42 53
42 54
42 55
42 56
42 57
42 58
42 59
42 60
42 61
42 62
42 63
42 66
42 68
42 69
42 70
42 72
42 74
42 77
42 81
42 83
42 85
42 87
42 89
42 90
42 93
42 96
42 98
43 0
43 3
43 6
43 8
43 11
43 14
43 16
43 18
43 23
43 25
43 27
43 29
43 32
43 34
43 40
43 42
43 43
43 46
43 48
43 50
43 51
43 52
43 53
43 54
43 55
43 56
43 57
43 58
43 59
43 60
43 61
43 62
43 65
43 67
43 68
43 69
43 71
43 75
43 78
43 80
43 84
43 88
43 91
43 93
43 95
43 99
44 1
44 4
44 7
44 9
44 12
44 14
44 17
44 19
44 21
44 23
44 25
44 28
44 30
44 33
44 35
44 40
44 42
44 44
44 47
44 50
44 52
44 54
44 55
44 56
44 57
44 58
44 59
44 60
44 61
44 62
44 65
44 67
44 68
44 70
44 72
44 74
44 76
44 79
44 81
44 83
44 85
44 87
44 90
44 94
44 96
44 98
45 2
45 5
45 10
45 13
45 15
45 19
45 22
45 26
45 31
45 34
45 39
45 41
45 43
45 45
45 51
45 53
45 54
45 55
45 56
45 57
45 58
45 59
45 60
45 61
45 62
45 65
45 67
45 69
45 73
45 77
45 80
45 84
45 88
45 91
45 93
45 97
46 0
46 2
46 4
46 6
46 8
46 10
46 12
46 16
46 18
46 20
46 23
46 25
46 27
46 29
46 31
46 33
46 36
46 39
46 41
46 43
46 45
46 47
46 57
46 58
46 60
46 61
46 62
46 65
46 67
46 70
46 72
46 74
46 76
46 78
46 81
46 83
46 86
46 88
46 90
46 92
46 94
46 96
46 98
47 2
47 5
47 7
47 10
47 13
47 15
47 17
47 21
47 24
47 27
47 30
47 34
47 36
47 39
47 41
47 43
47 46
47 59
47 60
47 61
47 62
47 65
47 66
47 67
47 69
47 72
47 75
47 78
47 80
47 83
47 85
47 87
47 91
47 95
47 99
48 0
48 3
48 8
48 11
48 14
48 18
48 20
48 22
48 25
48 28
48 31
48 33
48 37
48 39
48 40
48 42
48 44
48 48
48 57
48 58
48 59
48 60
48 61
48 64
48 68
48 70
48 73
48 76
48 79
48 81
48 84
48 88
48 90
48 93
48 96
48 98
49 1
49 4
49 6
49 8
49 10
49 12
49 15
49 17
49 20
49 23
49 26
49 29
49 31
49 34
49 36
49 38
49 40
49 45
49 55
49 56
49 57
49 58
49 59
49 60
49 61
49 64
49 66
49 71
49 74
49 77
49 82
49 85
49 87
49 90
49 92
49 94
49 97
50 2
50 4
50 6
50 9
50 13
50 16
50 18
50 21
50 24
50 26
50 28
50 32
50 34
50 37
50 39
50 41
50 42
50 44
50 46
50 48
50 49
50 50
50 51
50 52
50 53
50 54
50 55
50 56
50 57
50 58
50 59
50 60
50 61
50 65
50 67
50 69
50 71
50 73
50 75
50 78
50 80
50 82
50 84
50 87
50 89
50 93
50 95
50 98
51 0
51 2
51 7
51 10
51 12
51 14
51 19
51 22
51 24
51 27
51 29
51 31
51 35
51 38
51 40
51 42
51 43
51 45
51 46
51 47
51 48
51 50
51 51
51 52
51 53
51 54
51 55
51 56
51 57
51 58
51 59
51 60
51 61
51 64
51 66
51 68
51 71
51 75
51 77
51 79
51 82
51 85
51 88
51 91
51 95
51 97
51 99
52 3
52 5
52 7
52 9
52 12
52 15
52 17
52 19
52 21
52 25
52 29
52 32
52 34
52 36
52 38
52 39
52 40
52 41
52 43
52 44
52 45
52 46
52 47
52 48
52 49
52 50
52 51
52 52
52 53
52 54
52 55
52 56
52 57
52 58
52 59
52 60
52 61
52 64
52 65
52 69
52 72
52 74
52 78
52 80
52 83
52 86
52 89
52 91
52 93
52 96
53 0
53 2
53 4
53 7
53 10
53 13
53 16
53 18
53 22
53 24
53 26
53 28
53 30
53 33
53 36
53 39
53 41
53 42
53 43
53 44
53 45
53 46
53 47
53 48
53 49
53 50
53 51
53 52
53 53
53 54
53 55
53 56
53 57
53 58
53 59
53 60
53 61
53 66
53 68
53 70
53 73
53 75
53 77
53 81
53 84
53 87
53 90
53 93
53 95
53 98
54 1
54 5
54 8
54 11
54 14
54 16
54 19
54 21
54 23
54 26
54 31
54 34
54 37
54 38
54 40
54 41
54 42
54 43
54 44
54 45
54 46
54 47
54 48
54 49
54 50
54 51
54 52
54 53
54 54
54 55
54 56
54 57
54 58
54 59
54 60
54 61
54 63
54 65
54 67
54 71
54 75
54 78
54 80
54 82
54 85
54 87
54 89
54 91
54 94
54 96
54 98
55 2
55 4
55 6
55 9
55 12
55 14
55 17
55 20
55 24
55 27
55 29
55 31
55 33
55 35
55 37
55 39
55 40
55 42
55 43
55 44
55 45
55 46
55 47
55 48
55 49
55 50
55 51
55 52
55 53
55 54
55 55
55 56
55 57
55 58
55 59
55 60
55 61
55 63
55 66
55 69
55 71
55 73
55 76
55 79
55 83
55 85
55 88
55 92
55 97
56 0
56 3
56 7
56 9
56 11
56 15
56 18
56 21
56 23
56 25
56 28
56 30
56 33
56 35
56 37
56 39
56 40
56 41
56 42
56 43
56 44
56 45
56 46
56 47
56 48
56 49
56 50
56 51
56 52
56 53
56 54
56 55
56 56
56 57
56 58
56 59
56 60
56 62
56 64
56 67
56 69
56 72
56 74
56 77
56 80
56 82
56 85
56 87
56 90
56 93
56 95
56 98
57 1
57 4
57 6
57 10
57 12
57 14
57 16
57 19
57 21
57 24
57 26
57 29
57 32
57 35
57 36
57 38
57 40
57 41
57 42
57 43
57 44
57 45
57 46
57 47
57 48
57 49
57 50
57 51
57 52
57 53
57 54
57 55
57 56
57 57
57 58
57 59
57 60
57 65
57 68
57 70
57 73
57 75
57 77
57 79
57 81
57 83
57 86
57 89
57 91
57 93
57 95
57 97
57 99
58 2
58 4
58 7
58 9
58 13
58 17
58 19
58 22
58 27
58 30
58 33
58 35
58 36
58 37
58 38
58 39
58 41
58 43
58 44
58 45
58 46
58 47
58 48
58 49
58 50
58 51
58 52
58 53
58 54
58 55
58 56
58 57
58 58
58 59
58 60
58 61
58 63
58 65
58 67
58 71
58 75
58 78
58 84
58 87
58 90
58 94
58 98
59 0
59 2
59 5
59 7
59 10
59 12
59 14
59 16
59 20
59 23
59 25
59 27
59 29
59 31
59 35
59 37
59 39
59 40
59 41
59 42
59 43
59 44
59 45
59 46
59 47
59 48
59 49
59 50
59 51
59 52
59 53
59 54
59 55
59 56
59 57
59 58
59 59
59 62
59 64
59 68
59 70
59 72
59 74
59 77
59 80
59 81
59 83
59 85
59 88
59 91
59 93
59 95
59 97
60 3
60 6
60 8
60 11
60 15
60 17
60 19
60 21
60 23
60 25
60 28
60 32
60 35
60 36
60 37
60 38
60 39
60 41
60 42
60 43
60 44
60 45
60 46
60 47
60 48
60 49
60 50
60 51
60 52
60 53
60 54
60 55
60 56
60 57
60 58
60 59
60 60
60 63
60 66
60 68
60 72
60 75
60 78
60 82
60 86
60 88
60 90
60 92
60 96
60 99
61 0
61 2
61 4
61 9
61 12
61 14
61 18
61 22
61 26
61 29
61 31
61 33
61 35
61 36
61 37
61 38
61 40
61 41
61 43
61 44
61 45
61 46
61 47
61 48
61 49
61 50
61 51
61 52
61 53
61 54
61 55
61 56
61 57
61 58
61 59
61 61
61 64
61 66
61 69
61 71
61 73
61 76
61 79
61 81
61 83
61 85
61 89
61 93
61 95
61 97
62 1
62 5
62 7
62 9
62 11
62 13
62 15
62 17
62 19
62 21
62 24
62 26
62 28
62 31
62 35
62 36
62 37
62 38
62 39
62 40
62 42
62 43
62 44
62 45
62 46
62 47
62 48
62 49
62 50
62 51
62 52
62 53
62 54
62 55
62 56
62 57
62 58
62 59
62 62
62 65
62 68
62 71
62 74
62 77
62 79
62 83
62 86
62 88
62 90
62 92
62 96
62 98
63 2
63 4
63 6
63 8
63 12
63 16
63 20
63 22
63 24
63 27
63 29
63 32
63 35
63 36
63 37
63 40
63 41
63 42
63 43
63 44
63 45
63 46
63 47
63 48
63 49
63 50
63 51
63 52
63 53
63 54
63 55
63 56
63 57
63 58
63 60
63 63
63 66
63 69
63 72
63 75
63 77
63 80
63 82
63 84
63 87
63 91
63 93
63 95
63 99
64 0
64 3
64 7
64 10
64 13
64 15
64 18
64 23
64 26
64 30
64 33
64 35
64 36
64 37
64 38
64 39
64 41
64 42
64 43
64 44
64 45
64 46
64 47
64 48
64 49
64 50
64 51
64 52
64 53
64 54
64 55
64 56
64 57
64 58
64 60
64 62
64 64
64 67
64 69
64 71
64 73
64 76
64 78
64 81
64 85
64 88
64 90
64 94
64 97
65 1
65 4
65 6
65 9
65 11
65 14
65 16
65 18
65 20
65 21
65 24
65 27
65 29
65 31
65 33
65 36
65 37
65 39
65 40
65 42
65 43
65 44
65 45
65 46
65 47
65 48
65 49
65 50
65 51
65 52
65 53
65 54
65 55
65 56
65 57
65 58
65 61
65 65
65 67
65 70
65 74
65 79
65 82
65 84
65 86
65 88
65 91
65 93
65 95
65 97
65 99
66 2
66 4
66 7
66 10
66 12
66 17
66 22
66 25
66 28
66 32
66 34
66 37
66 38
66 40
66 41
66 43
66 45
66 46
66 48
66 49
66 50
66 51
66 52
66 53
66 54
66 55
66 56
66 57
66 58
66 59
66 62
66 64
66 68
66 71
66 73
66 75
66 77
66 79
66 81
66 83
66 86
66 89
66 92
66 96
67 0
67 2
67 5
67 8
67 11
67 13
67 15
67 18
67 20
67 22
67 24
67 26
67 29
67 31
67 35
67 39
67 40
67 41
67 42
67 44
67 45
67 46
67 47
67 48
67 50
67 51
67 52
67 53
67 54
67 55
67 56
67 57
67 58
67 60
67 63
67 65
67 67
67 69
67 72
67 75
67 77
67 80
67 84
67 87
67 90
67 93
67 95
67 98
68 3
68 6
68 8
68 10
68 14
68 16
68 18
68 20
68 23
68 27
68 29
68 32
68 34
68 36
68 38
68 42
68 43
68 44
68 45
68 46
68 47
68 48
68 49
68 50
68 51
68 52
68 53
68 54
68 55
68 56
68 57
68 58
68 59
68 61
68 64
68 67
68 70
68 73
68 78
68 81
68 83
68 85
68 88
68 90
68 92
68 95
68 97
68 99
69 0
69 2
69 4
69 6
69 9
69 12
69 15
69 19
69 22
69 25
69 27
69 30
69 33
69 37
69 38
69 39
69 40
69 41
69 44
69 46
69 47
69 48
69 49
69 50
69 51
69 52
69 53
69 54
69 55
69 56
69 57
69 58
69 59
69 60
69 62
69 65
69 68
69 71
69 74
69 76
69 78
69 80
69 83
69 86
69 89
69 93
69 96
70 1
70 5
70 8
70 11
70 13
70 16
70 18
70 21
70 23
70 25
70 28
70 31
70 34
70 36
70 38
70 40
70 41
70 42
70 43
70 45
70 48
70 49
70 50
70 51
70 52
70 53
70 54
70 55
70 56
70 57
70 58
70 59
70 60
70 61
70 63
70 66
70 69
70 71
70 73
70 75
70 77
70 81
70 84
70 87
70 90
70 92
70 94
70 97
70 99
71 2
71 4
71 6
71 9
71 12
71 14
71 17
71 19
71 22
71 26
71 29
71 32
71 34
71 37
71 38
71 39
71 40
71 41
71 42
71 43
71 44
71 45
71 46
71 47
71 48
71 49
71 50
71 51
71 52
71 53
71 54
71 55
71 56
71 57
71 58
71 59
71 60
71 63
71 65
71 67
71 69
71 72
71 76
71 79
71 81
71 83
71 85
71 88
71 90
71 93
71 95
71 98
72 0
72 3
72 7
72 10
72 13
72 15
72 20
72 23
72 25
72 27
72 30
72 32
72 35
72 37
72 39
72 40
72 41
72 42
72 43
72 44
72 45
72 46
72 47
72 48
72 49
72 50
72 51
72 52
72 53
72 54
72 55
72 56
72 57
72 58
72 59
72 60
72 61
72 64
72 68
72 71
72 74
72 77
72 79
72 82
72 86
72 88
72 91
72 96
72 99
73 1
73 4
73 6
73 8
73 10
73 12
73 16
73 18
73 20
73 22
73 25
73 28
73 30
73 31
73 33
73 37
73 38
73 39
73 40
73 41
73 42
73 43
73 44
73 45
73 46
73 47
73 48
73 49
73 50
73 51
73 52
73 53
73 54
73 55
73 56
73 57
73 58
73 59
73 60
73 61
73 62
73 63
73 64
73 66
73 69
73 72
73 74
73 76
73 80
73 83
73 85
73 89
73 92
73 94
73 96
73 98
74 2
74 4
74 7
74 11
74 14
74 16
74 18
74 21
74 23
74 24
74 25
74 26
74 27
74 28
74 29
74 30
74 31
74 32
74 33
74 34
74 35
74 37
74 38
74 39
74 40
74 41
74 42
74 43
74 44
74 45
74 46
74 47
74 48
74 49
74 50
74 51
74 52
74 53
74 54
74 55
74 56
74 57
74 58
74 59
74 60
74 61
74 62
74 63
74 64
74 65
74 66
74 67
74 69
74 71
74 74
74 77
74 79
74 81
74 84
74 86
74 88
74 90
74 92
74 94
74 97
75 0
75 2
75 5
75 8
75 10
75 12
75 15
75 19
75 22
75 24
75 26
75 27
75 28
75 29
75 30
75 31
75 32
75 33
75 34
75 35
75 36
75 37
75 38
75 39
75 40
75 41
75 42
75 43
75 44
75 45
75 46
75 47
75 48
75 49
75 50
75 51
75 52
75 53
75 54
75 55
75 56
75 57
75 58
75 59
75 60
75 61
75 62
75 63
75 64
75 65
75 66
75 67
75 70
75 72
75 75
75 78
75 82
75 86
75 89
75 93
75 95
75 98
76 3
76 6
76 9
76 13
76 16
76 18
76 20
76 22
76 24
76 25
76 27
76 29
76 31
76 32
76 33
76 34
76 35
76 36
76 37
76 38
76 39
76 40
76 41
76 42
76 43
76 44
76 45
76 46
76 47
76 48
76 49
76 50
76 51
76 52
76 53
76 54
76 55
76 56
76 57
76 58
76 59
76 60
76 61
76 62
76 63
76 64
76 65
76 66
76 67
76 68
76 73
76 76
76 79
76 81
76 83
76 85
76 87
76 90
76 92
76 96
76 99
77 0
77 2
77 4
77 7
77 10
77 12
77 14
77 17
77 21
77 23
77 24
77 26
77 27
77 29
77 30
77 32
77 34
77 36
77 37
77 38
77 39
77 40
77 41
77 42
77 43
77 44
77 45
77 46
77 47
77 48
77 49
77 50
77 51
77 52
77 53
77 54
77 55
77 56
77 57
77 58
77 59
77 60
77 61
77 62
77 63
77 64
77 65
77 66
77 67
77 69
77 71
77 73
77 75
77 77
77 79
77 82
77 85
77 88
77 91
77 94
77 97
78 1
78 5
78 7
78 9
78 12
78 15
78 18
78 20
78 22
78 24
78 25
78 27
78 28
78 30
78 31
78 32
78 33
78 35
78 36
78 38
78 40
78 42
78 43
78 44
78 45
78 46
78 47
78 48
78 49
78 50
78 51
78 52
78 53
78 54
78 55
78 56
78 57
78 58
78 59
78 60
78 61
78 62
78 63
78 64
78 65
78 66
78 67
78 69
78 71
78 74
78 78
78 80
78 83
78 86
78 89
78 92
78 94
78 96
78 98
79 2
79 4
79 7
79 10
79 13
79 16
79 18
79 21
79 23
79 25
79 26
79 28
79 29
79 30
79 32
79 34
79 35
79 37
79 38
79 40
79 41
79 43
79 46
79 47
79 48
79 49
79 50
79 51
79 52
79 53
79 54
79 55
79 56
79 57
79 58
79 59
79 60
79 61
79 62
79 63
79 64
79 65
79 66
79 67
79 70
79 73
79 76
79 81
79 84
79 87
79 90
79 93
79 97
79 99
80 0
80 3
80 5
80 8
80 11
80 14
80 16
80 19
80 22
80 24
80 25
80 27
80 29
80 31
80 32
80 33
80 34
80 35
80 36
80 37
80 39
80 40
80 41
80 42
80 44
80 45
80 46
80 47
80 48
80 49
80 50
80 51
80 52
80 53
80 54
80 55
80 56
80 57
80 58
80 59
80 60
80 61
80 62
80 63
80 64
80 65
80 66
80 67
80 68
80 71
80 74
80 76
80 78
80 79
80 82
80 84
80 86
80 88
80 90
80 92
80 94
80 96
81 1
81 4
81 6
81 9
81 11
81 13
81 17
81 20
81 22
81 23
81 25
81 26
81 27
81 28
81 29
81 30
81 32
81 34
81 36
81 38
81 39
81 41
81 43
81 44
81 46
81 47
81 48
81 49
81 50
81 51
81 52
81 53
81 54
81 55
81 56
81 57
81 58
81 59
81 60
81 61
81 62
81 63
81 64
81 65
81 66
81 67
81 69
81 72
81 75
81 80
81 82
81 85
81 89
81 93
81 97
81 99
82 2
82 7
82 9
82 12
82 14
82 16
82 18
82 20
82 23
82 25
82 28
82 30
82 31
82 33
82 34
82 36
82 37
82 38
82 40
82 41
82 42
82 43
82 45
82 46
82 47
82 48
82 49
82 50
82 51
82 52
82 53
82 54
82 55
82 56
82 57
82 58
82 59
82 60
82 61
82 62
82 63
82 64
82 65
82 66
82 67
82 70
82 73
82 76
82 78
82 80
82 83
82 86
82 88
82 90
82 92
82 95
82 97
83 0
83 2
83 4
83 5
83 8
83 11
83 15
83 18
83 21
83 23
83 24
83 26
83 27
83 29
83 31
83 32
83 34
83 35
83 36
83 38
83 39
83 41
83 43
83 44
83 46
83 47
83 48
83 49
83 50
83 51
83 52
83 53
83 54
83 55
83 56
83 57
83 58
83 59
83 60
83 61
83 62
83 63
83 64
83 65
83 66
83 67
83 68
83 71
83 73
83 75
83 77
83 81
83 84
83 87
83 91
83 93
83 95
83 98
84 2
84 6
84 9
84 12
84 14
84 16
84 19
84 22
84 24
84 25
84 27
84 28
84 29
84 31
84 33
84 34
84 36
84 37
84 39
84 40
84 41
84 43
84 45
84 46
84 47
84 48
84 49
84 50
84 51
84 52
84 53
84 54
84 55
84 56
84 57
84 58
84 59
84 60
84 61
84 62
84 63
84 64
84 65
84 66
84 67
84 69
84 71
84 74
84 78
84 80
84 82
84 85
84 88
84 90
84 94
84 97
84 99
85 0
85 3
85 5
85 7
85 10
85 12
85 17
85 20
85 22
85 24
85 26
85 28
85 30
85 31
85 32
85 34
85 36
85 38
85 40
85 42
85 43
85 44
85 46
85 47
85 48
85 49
85 50
85 51
85 52
85 53
85 54
85 55
85 56
85 57
85 58
85 59
85 60
85 61
85 62
85 63
85 64
85 65
85 66
85 67
85 70
85 73
85 75
85 77
85 79
85 83
85 85
85 87
85 90
85 92
85 95
85 98
86 1
86 4
86 8
86 10
86 13
86 15
86 17
86 19
86 22
86 24
86 26
86 28
86 29
86 31
86 33
86 34
86 36
86 37
86 39
86 40
86 41
86 43
86 45
86 46
86 47
86 48
86 49
86 50
86 51
86 52
86 53
86 54
86 55
86 56
86 57
86 58
86 59
86 60
86 61
86 62
86 63
86 64
86 65
86 66
86 67
86 69
86 72
86 76
86 80
86 82
86 85
86 88
86 91
86 93
86 96
86 99
87 2
87 5
87 7
87 11
87 14
87 16
87 20
87 23
87 25
87 27
87 29
87 31
87 33
87 35
87 37
87 38
87 40
87 42
87 43
87 45
87 46
87 47
87 48
87 49
87 50
87 51
87 52
87 53
87 54
87 55
87 56
87 57
87 58
87 59
87 60
87 61
87 62
87 63
87 64
87 65
87 66
87 67
87 70
87 73
87 75
87 77
87 79
87 81
87 83
87 86
87 89
87 94
87 96
87 98
88 0
88 2
88 4
88 7
88 9
88 11
88 13
88 17
88 19
88 21
88 23
88 25
88 26
88 28
88 30
88 32
88 33
88 35
88 36
88 38
88 40
88 41
88 43
88 45
88 46
88 47
88 48
88 49
88 50
88 51
88 52
88 53
88 54
88 55
88 56
88 57
88 58
88 59
88 60
88 61
88 62
88 63
88 64
88 65
88 66
88 67
88 69
88 71
88 73
88 78
88 83
88 85
88 87
88 90
88 92
88 94
88 97
89 3
89 5
89 8
89 12
89 14
89 16
89 19
89 22
89 24
89 26
89 28
89 30
89 31
89 33
89 35
89 37
89 39
89 41
89 43
89 45
89 46
89 47
89 48
89 49
89 50
89 51
89 52
89 53
89 54
89 55
89 56
89 57
89 58
89 59
89 60
89 61
89 62
89 63
89 64
89 65
89 66
89 67
89 69
89 72
89 74
89 76
89 79
89 81
89 84
89 88
89 90
89 92
89 95
89 98
90 0
90 2
90 6
90 9
90 11
90 15
90 17
90 20
90 22
90 24
90 26
90 28
90 30
90 32
90 34
90 36
90 38
90 39
90 41
90 42
90 44
90 46
90 47
90 48
90 49
90 50
90 51
90 52
90 53
90 54
90 55
90 56
90 57
90 58
90 59
90 60
90 61
90 62
90 63
90 64
90 65
90 66
90 70
90 75
90 77
90 79
90 81
90 83
90 86
90 88
90 91
90 93
90 96
90 99
91 1
91 3
91 5
91 7
91 9
91 12
91 14
91 18
91 22
91 24
91 26
91 28
91 30
91 32
91 34
91 36
91 37
91 39
91 41
91 43
91 45
91 46
91 47
91 48
91 49
91 50
91 51
91 52
91 53
91 54
91 55
91 56
91 57
91 58
91 59
91 60
91 61
91 62
91 63
91 64
91 67
91 69
91 71
91 73
91 76
91 80
91 84
91 86
91 89
91 94
91 97
92 4
92 8
92 10
92 13
92 15
92 17
92 19
92 21
92 23
92 25
92 27
92 29
92 31
92 33
92 35
92 37
92 39
92 41
92 43
92 45
92 46
92 47
92 48
92 49
92 50
92 51
92 52
92 53
92 54
92 55
92 56
92 57
92 58
92 59
92 60
92 61
92 65
92 68
92 71
92 74
92 77
92 79
92 82
92 84
92 87
92 90
92 92
92 94
92 96
92 98
93 0
93 2
93 5
93 7
93 11
93 16
93 19
93 22
93 25
93 27
93 29
93 31
93 33
93 35
93 37
93 39
93 41
93 43
93 46
93 47
93 48
93 49
93 50
93 51
93 52
93 53
93 54
93 55
93 56
93 57
93 58
93 59
93 61
93 63
93 66
93 69
93 72
93 74
93 76
93 78
93 80
93 82
93 85
93 88
93 90
93 92
93 95
93 99
94 1
94 3
94 5
94 8
94 10
94 12
94 14
94 17
94 20
94 23
94 25
94 28
94 30
94 32
94 34
94 36
94 38
94 40
94 42
94 44
94 45
94 46
94 47
94 48
94 49
94 50
94 51
94 52
94 53
94 54
94 55
94 56
94 57
94 60
94 63
94 65
94 67
94 70
94 73
94 76
94 81
94 84
94 86
94 89
94 93
94 96
94 98
95 2
95 6
95 9
95 12
95 14
95 16
95 18
95 21
95 24
95 26
95 29
95 31
95 33
95 34
95 36
95 38
95 40
95 42
95 46
95 47
95 48
95 49
95 50
95 51
95 52
95 53
95 54
95 55
95 58
95 61
95 64
95 68
95 70
95 72
95 74
95 77
95 79
95 82
95 85
95 87
95 90
95 92
95 94
95 97
96 0
96 3
96 5
96 7
96 10
96 14
96 18
96 20
96 22
96 27
96 32
96 35
96 37
96 39
96 41
96 43
96 45
96 46
96 47
96 48
96 49
96 50
96 51
96 52
96 53
96 56
96 59
96 62
96 65
96 67
96 70
96 75
96 78
96 80
96 83
96 88
96 91
96 95
96 98
97 1
97 4
97 8
97 11
97 13
97 15
97 17
97 21
97 23
97 25
97 27
97 29
97 30
97 33
97 36
97 39
97 41
97 43
97 45
97 46
97 47
97 48
97 49
97 50
97 54
97 57
97 60
97 62
97 64
97 66
97 68
97 71
97 73
97 75
97 77
97 81
97 83
97 85
97 86
97 89
97 92
97 94
97 96
97 99
98 2
98 5
98 7
98 9
98 11
98 15
98 18
98 20
98 24
98 26
98 31
98 34
98 37
98 40
98 42
98 44
98 46
98 47
98 48
98 50
98 52
98 55
98 58
98 60
98 63
98 69
98 72
98 75
98 78
98 80
98 83
98 87
98 89
98 91
98 93
98 97
99 0
99 2
99 4
99 6
99 9
99 12
99 14
99 16
99 19
99 21
99 23
99 27
99 29
99 31
99 33
99 35
99 38
99 41
99 44
99 45
99 46
99 49
99 52
99 54
99 56
99 58
99 61
99 64
99 66
99 67
99 70
99 73
99 76
99 79
99 81
99 84
99 86
99 89
99 94
99 96
99 98
