0.020154 0.481835
0.881383 0.650383
0.842251 0.573045
0.732066 0.857784
0.728944 0.349220
0.589441 0.333608
0.154080 0.352873
0.055479 0.800645
0.073957 0.374398
0.088560 0.182205
0.177646 0.757586
0.891206 0.594282
0.696442 0.762956
0.878804 0.168015
0.943356 0.514569
0.627282 0.818433
0.715508 0.556969
0.800290 0.342095
0.185418 0.331109
0.190156 0.774066
0.931614 0.941622
0.171995 0.763787
0.314655 0.432492
0.066589 0.839733
0.491549 0.414192
0.135217 0.824382
0.979751 0.292542
0.188407 0.333831
0.831301 0.538057
0.080597 0.250532
0.158351 0.404256
0.684014 0.292951
0.963235 0.254378
0.287594 0.322565
0.969405 0.188204
0.750564 0.826455
0.423963 0.974122
0.155343 0.092863
0.648180 0.386334
0.150718 0.957437
0.449337 0.923065
0.653777 0.639456
0.375328 0.538846
0.087871 0.110241
0.192953 0.462455
0.873939 0.639989
0.901428 0.391796
0.463769 0.654672
0.054587 0.357972
0.806378 0.801220
0.158414 0.333078
0.772411 0.167063
0.434949 0.219643
0.726545 0.929206
0.299271 0.204447
0.134160 0.318370
0.483189 0.585379
0.816077 0.675327
0.857433 0.087226
0.223945 0.549416
0.653534 0.370784
0.898909 0.243310